# List UCAS codes (10 digits only) that must always receive the AI group.
# One code per line. Lines starting with # are ignored.
1884157109
1967002663
1967009967
1967012660
1967013865
1967028362
1967143663
1967145669
1967170867
1967171668
1967213065
1967258765
1967330665
1967333260
1967460362
1967480265
1967492561
1967498165
1967572667
1967623866
1967661666
1967704763
1967712067
1967715066
1967725265
1967754667
1967785267
1967799266
1967820168
1967858961
1967915468
1967948367
1967996568
1968047768
1968047869
1968049663
1968060165
1968162564
1968245760
1968279460
1968314260
1968379762
1968475062
1968494861
1968577764
1968647368
1968647964
1968654063
1968674562
1968688662
1968714862
1968718369
1968755065
1968774662
1968782966
1968804268
1968807762
1968823865
1968940566
1969022760
1969042269
1969178560
1969235966
1969313561
1969323760
1969399161
1969408669
1969495966
1969517763
1969558663
1969605567
1969616668
1969621569
1969623969
1969639762
1969644562
1969651166
1969713062
1969738869
1969794566
1969917769
1969928466
1970044764
1970111066
1970177066
1970211661
1970231362
1970238666
1970238969
1970241066
1970246364
1970251669
1970257263
1970283363
1970304066
1970309061
1970322660
1970323562
1970327968
1970334966
1970346767
1970386967
1970393965
1970432868
1970445864
1970447668
1970493863
1970500163
1970529467
1970544163
1970550966
1970616369
1970623367
1970634761
1970640160
1970688364
1970700767
1970719761
1970742761
1970745962
1970751664
1970763667
1970767760
1970844968
1970934960
1970950467
1970965964
1970981168
1970981663
1971115968
1971140469
1971141462
1971180568
1971261869
1971280567
1971321466
1971352561
1971495860
1971536365
1971558365
1971586966
1971623166
1971626761
1971767266
1971958664
1972003866
1972128965
1972154267
1972201868
1972307360
1972496369
1972538564
1972545461
1972562163
1972569467
1972640162
1972666962
1972683967
1972717767
1972884362
1972908963
1972909360
1972928361
1973002268
1973019761
1973019862
1973036968
1973048961
1973170765
1973173461
1973275961
1973276166
1973475060
1973487467
1973634865
1973688064
1973812964
1973961369
1973977263
1974030860
1974035562
1974062362
1974093669
1974103665
1974112568
1974113167
1974205266
1974214967
1974299362
1974325461
1974356465
1974417469
1974431263
1974503065
1974521467
1974581964
1974586060
1974620564
1974645664
1974673265
1974732061
1974763964
1974903263
1974990065
1975009766
1975186469
1975263768
1975335469
1975352666
1975361064
1975366867
1975367769
1975375265
1975386063
1975393768
1975427265
1975456960
1975480862
1975626260
1975709466
1975728962
1975820664
1975824666
1975834360
1975909767
1975912763
1975966467
1976039263
1976160862
1976168361
1976387360
1976388565
1976401466
1976461266
1976461569
1976597365
1976689262
1976742363
1976973062
1977043667
1977100962
1977109868
1977139061
1977155568
1977201065
1977201267
1977299567
1977304568
1977409269
1977416166
1977594064
1977607665
1977622260
1977622563
1977658461
1977728762
1977733360
1977733663
1977735063
1977739560
1977745666
1977749365
1977750466
1977757467
1977761163
1977763563
1977850667
1977887366
1977903468
1977924960
1977954365
1978059865
1978096864
1978181962
1978185065
1978225365
1978337660
1978383067
1978391361
1978417766
1978465068
1978497065
1978518768
1978526365
1978625260
1978647068
1978663565
1978734768
1978745162
1978748262
1978780367
1978804564
1978809963
1978823666
1978827062
1978830068
1978875566
1978927566
1978945766
1978962266
1979047267
1979256562
1979312763
1979401065
1979596264
1979604769
1979629667
1979706360
1979715162
1979820163
1979843166
1979893262
1979905860
1979914268
1979918765
1980012962
1980068066
1980080864
1980099969
1980115768
1980123163
1980130363
1980157661
1980192967
1980208365
1980242769
1980269461
1980319465
1980325460
1980344764
1980349668
1980369763
1980373065
1980387862
1980482866
1980483566
1980498568
1980505363
1980612067
1980620967
1980628769
1980633761
1980671268
1980756460
1980835664
1980907860
1980930365
1980952264
1980993962
1981005167
1981086964
1981134669
1981161166
1981334162
1981563461
1981619160
1981628366
1981642362
1981721960
1981795163
1981802564
1981871267
1981885468
1981942965
1982252061
1982398066
1982406864
1982454469
1982519364
1982630562
1982741369
1982762164
1982805968
1982814265
1982847366
1982963660
1983085660
1983115266
1983201761
1983271265
1983310562
1983319367
1983413469
1983463262
1983637362
1983713365
1983792661
1983998869
1984016362
1984018560
1984124463
1984134167
1984135160
1984169668
1984273969
1984319964
1984384160
1984387169
1984443966
1984529767
1984550266
1984572064
1984675567
1984841269
1984851064
1984935768
1984983464
1985001664
1985009567
1985113565
1985135363
1985321867
1985383360
1985673865
1985687662
1985687763
1985753567
1985756263
1985777169
1985916768
1985995468
1986131766
1986212764
1986294564
1986439565
1986491563
1986558565
1986566667
1986576765
1986588061
1986609269
1986631660
1986664468
1986737566
1986750468
1986954569
1987009761
1987059968
1987073368
1987078868
1987136964
1987159462
1987233267
1987234563
1987337460
1987361968
1987363964
1987380161
1987408663
1987513462
1987516663
1987527168
1987636868
1987778164
1987875760
1987888362
1987900169
1987903269
1988142566
1988145565
1988165468
1988753863
1988793366
1988858766
1988859365
1988917865
1988999160
1989060162
1989207169
1989212868
1989220566
1989233360
1989233663
1989263563
1989375060
1989378069
1989379769
1989394364
1989453362
1989752962
1989770768
1989943461
1990104367
1990108662
1990126165
1990142662
1990159064
1990278963
1990376067
1990387865
1990408063
1990412567
1990435560
1990456466
1990502761
1990632266
1990641664
1990683668
1990704361
1990803468
1990894868
1990956562
1991102867
1991128566
1991198767
1991294067
1991317362
1991473967
1991485768
1991489962
1991628460
1991745868
1991757467
1991793261
1991906669
1991917265
1991930662
1991933368
1991940366
1992052066
1992076466
1992146161
1992277366
1992333466
1992382165
1992441466
1992729665
1992767162
1992770269
1992780761
1992783467
1992959068
1993021467
1993076962
1993277569
1993512761
1993579562
1993784360
1993828460
1993856869
1993887560
1994102264
1994222964
1994223866
1994302161
1994328264
1994352065
1994399367
1994465666
1994567661
1994740260
1994926666
1994976863
1995009863
1995019567
1995020163
1995199764
1995319160
1995398365
1995453563
1995466660
1995845760
1995898461
1995991560
1996012466
1996069068
1996097467
1996393765
1996459663
1996621868
1996656763
1996694967
1996816561
1996886368
1996982769
1997237464
1997247269
1997314369
1997458267
1997479163
1997512765
1997526663
1997566469
1997570569
1997580768
1997720168
1997820066
1997825364
1997853662
1997871761
1997875268
1997899365
1998063062
1998085062
1998121764
1998166666
1998282364
1998320062
1998398964
1998399967
1998422663
1998500066
1998536560
1998660663
1998717466
1998738160
1999004165
1999043766
1999046260
1999054069
1999111061
1999259860
1999261863
1999315263
1999396363
1999444967
1999517762
1999667665
1999683960
1999706760
1999768566
1999807166
1999810061
1999811569
1999932262
1999951768
1999967763
2000004761
2000143967
2000171366
2000171669
2000173261
2000261065
2000277060
2000316660
2000390062
2000468064
2000621962
2000698861
2000764564
2000773568
2000773669
2000814568
2000832768
2000852762
2000963367
2000982166
2001073465
2001087666
2001169566
2001244869
2001407565
2001415061
2001431669
2001453366
2001504666
2001619566
2001713264
2001771068
2001808564
2001835566
2001940668
2002140768
2002447069
2002488969
2002518161
2002813668
2002988661
2003275461
2003471760
2003771666
2003914166
2003934463
2003997767
2004068365
2004525767
2004778062
2004829069
2004882060
2004969460
2005002669
2005083062
2005129663
2005303164
2005364068
2005633162
2005787966
2005840269
2006112666
2006164263
2006382865
2006416160
2006643867
2006876562
2007048263
2007572261
2007984866
2008090568
2008194468
2008195168
2008363260
2008370268
2008394961
2008465962
2008466763
2008524869
2009302569
2009698567
2009852165
2010046667
2010070963
2010364369
2010438561
2010524460
2010618868
2010624267
2010635469
2010650064
2010826968
2010829563
2011106265
2011471569
2011649469
2011779166
2011807968
2011946265
2012209769
2012213465
2012329560
2012502664
2012809965
2012987560
2013190666
2013857369
2014005367
2014070967
2014079166
2014175365
2014307360
2014353969
2014513060
2014566660
2014579363
2014888960
2015478867
2015533560
2015727068
2015942166
2015946966
2016103463
2017118961
2017281665
2017778967
2017900467
2018641967
2019033165
2019434669
2019521864
2019553760
2019640864
2019657064
2019963460
2020469568
2020543565
2021083468
2021770465
2021879461
2021987865
2022528861
2022567664
2022761563
2024137669
2024239967
2024303361
2025138168
2025823664
2025932566
2026436867
2026910860
2027755260
2027839368
2028150161
2028996462
4101234567
9363997986
